452
1000
1004
1005
1006
1007
1008
1009
1010
1011
1012
1013
1014
1015
1016
1017
1103
1104
1105
1106
1107
1108
1109
1110
1111
1112
1113
1114
1115
1116
1117
1203
1204
1205
1206
1207
1208
1209
1210
1211
1212
1213
1214
1215
1216
1217
1300
1301
1302
1303
1311
1312
1313
1314
1315
1316
1317
1400
1401
1413
1414
1415
1416
1417
1500
1501
1513
1514
1515
1516
1517
1600
1601
1700
1701
1800
1801
3000
3001
3003
3004
3005
3006
3007
3008
3009
3010
3011
3012
3013
3014
3015
3016
3017
3100
3101
3103
3104
3105
3106
3107
3108
3109
3110
3111
3112
3113
3114
3115
3116
3117
3200
3201
3203
3204
3205
3206
3207
3208
3209
3210
3211
3214
3215
3216
3217
3300
3301
3302
3303
3304
3305
3306
3307
3308
3309
3310
3311
3312
3313
3314
3315
3316
3317
3400
3401
3402
3403
3404
3405
3406
3407
3408
3409
3410
3411
3412
3413
3414
3415
3416
3417
3500
3501
3502
3503
3504
3505
3506
3507
3508
3509
3510
3511
3512
3513
3514
3515
3516
3517
3600
3601
3602
3603
3604
3605
3606
3607
3608
3609
3610
3611
3612
3613
3614
3615
3616
3617
3702
3716
3717
5000
5001
5002
5003
5004
5007
5008
5009
5010
5011
5012
5013
5014
5015
5016
5017
5100
5101
5102
5103
5107
5108
5109
5110
5111
5112
5113
5114
5115
5116
5117
5200
5201
5202
5203
5204
5207
5208
5209
5210
5211
5212
5213
5214
5215
5216
5217
5300
5301
5302
5303
5304
5305
5306
5307
5308
5309
5310
5311
5312
5313
5314
5315
5316
5317
5400
5401
5402
5403
5404
5405
5406
5407
5408
5409
5410
5411
5412
5413
5414
5415
5416
5417
5500
5501
5502
5503
5504
5505
5506
5507
5508
5509
5510
5511
5512
5513
5514
5515
5516
5517
5600
5601
5602
5603
5604
5605
5606
5607
5608
5609
5610
5611
5612
5613
5614
5615
5616
5617
5701
5702
5703
5704
5705
5707
5708
5709
5710
5711
5712
5713
5714
5715
5716
5717
7000
7001
7002
7003
7004
7005
7006
7007
7008
7009
7010
7011
7012
7013
7014
7015
7016
7017
7101
7102
7103
7104
7105
7106
7107
7108
7109
7110
7111
7112
7113
7114
7115
7116
7117
7201
7202
7203
7204
7205
7206
7207
7208
7209
7210
7211
7212
7213
7214
7215
7216
7217
7300
7301
7302
7303
7304
7305
7306
7307
7308
7311
7312
7313
7314
7315
7316
7317
7400
7401
7402
7403
7404
7405
7406
7407
7412
7413
7414
7415
7416
7417
7500
7501
7502
7503
7504
7505
7506
7507
7508
7509
7512
7513
7514
7515
7516
7517
7600
7601
7602
7603
7604
7605
7606
7607
7608
7609
7617
7700
7701
7702
7705
7706
7707
7800
7801
